version https://git-lfs.github.com/spec/v1
oid sha256:a87abe611651eef9b30c902ca99a4ae22af2ff2e44815e3c38e6595f0f87d620
size 244332
